import matplotlib.pyplot as plt

def check_draw(img_arr) :
    for i in range(len(img_arr)):
        img = plt.plot(img_arr[i][0],img_arr[i][1])
        plt.scatter(img_arr[i][0],img_arr[i][1])

    #plt.xlim(0,256)
    #plt.ylim(0,256)
    plt.gca().invert_yaxis()
    plt.show()

img_arr = [[[142,127,114,100,86,72,58,46,33,27,21,14,10,8,5,0,4,12,27,39,51,63,77,96,114,130,149,163,177,188,201,210,214,217,219,218,215,212,208,202,195,186,175,163,150,],[38,38,42,45,50,57,65,73,84,100,115,128,142,157,171,186,201,213,224,232,238,244,250,254,254,254,254,250,245,237,224,209,197,177,158,143,122,103,89,76,65,53,45,39,31,]],[[108,120,130,141,160,175,189,200,],[101,108,117,126,128,128,125,115,]],[[154,165,177,188,199,207,219,227,240,255,],[98,84,66,51,40,30,18,7,2,0,]],]

check_draw(img_arr)